vector 1000 9 1733.33 -1
vector 2000 11.6667 4074.67 -1
vector 3000 13 7452.33 -1
vector 4000 19 13123.3 -1
list 1000 37.6667 3888.33 -1
list 2000 92.5556 17163.8 -1
list 3000 139.852 41818.6 -1
list 4000 207.951 77767.2 -1
set 1000 194.667 4343.67 129.333
set 2000 476.556 19220.2 326.778
set 3000 834.852 46397.7 524.593
set 4000 1068.28 86458.2 744.198
unordered_set 1000 89.3333 5054.33 24
unordered_set 2000 165.111 22078.8 58.6667
unordered_set 3000 277.704 53113.6 93.8889
unordered_set 4000 348.235 98939.2 124.963
