vector 500 4.6 392 -1
vector 1000 6 960.8 -1
vector 1500 7.8 1774.6 -1
vector 2000 8.2 3127.6 -1
vector 2500 11.2 4889.4 -1
vector 3000 12.2 7000.2 -1
list 500 18.8 940.6 -1
list 1000 38.36 3897.12 -1
list 1500 60.472 9156.02 -1
list 2000 86.2944 16718.6 -1
list 2500 108.659 26679.9 -1
list 3000 131.132 39025.6 -1
set 500 83.8 1021 58.6
set 1000 192.76 4304.4 135.72
set 1500 311.352 10174.1 231.944
set 2000 459.47 19388.6 335.589
set 2500 567.494 31624.1 424.118
set 3000 718.899 46038.8 528.624
unordered_set 500 40.2 1242.8 11.6
unordered_set 1000 84.44 5294.36 25.52
unordered_set 1500 124.288 12457.1 42.704
unordered_set 2000 156.058 22905 59.1408
unordered_set 2500 225.412 36501.4 78.2282
unordered_set 3000 245.282 53115.3 106.446
